!MOLECULE
HCN                                                                    
!MOLECULAR WEIGHT
27.0
! NUMBER OF ENERGY LEVELS
25
!LEVEL + ENERGIES(cm^-1) + WEIGHT + J + F
    1     0.000000000   3.0   00_01     
    2     2.956392439   3.0   01_01     
    3     2.956440202   5.0   01_02     
    4     2.956509857   1.0   01_00     
    5     8.869146454   5.0   02_02     
    6     8.869197913   7.0   02_03     
    7     8.869254636   3.0   02_01     
    8    17.738165316   7.0   03_03     
    9    17.738218976   9.0   03_04     
   10    17.738308593   5.0   03_02     
   11    29.563276217   9.0   04_04     
   12    29.563326182   7.0   04_03     
   13    29.563331399  11.0   04_05     
   14    44.344008533  11.0   05_05     
   15    44.344061513   9.0   05_04     
   16    44.344064868  13.0   05_06     
   17    62.080192147  13.0   06_06     
   18    62.080246965  11.0   06_05     
   19    62.080249420  15.0   06_07     
   20    82.771257128  15.0   07_07     
   21    82.771313247  13.0   07_06     
   22    82.771315195  17.0   07_08     
   23   106.416833618  17.0   08_08     
   24   106.416890747  15.0   08_07     
   25   106.416892382  19.0   08_09
! NUMBER OF RADIATIVE TRANSITIONS
45
!TRANS + UPP + LOW + Aij (s^-1) + FREQ (GHz) + E_u/k (K)
     1     2     1  2.407E-05          88.63041560     4.25          
     2     3     1  2.407E-05          88.63184750     4.25          
     3     4     1  2.408E-05          88.63393570     4.25          
     4     5     3  5.778E-05         177.25967930    12.76          
     5     7     4  1.284E-04         177.25992460    12.76          
     6     5     2  1.733E-04         177.26111120    12.76          
     7     6     3  2.311E-04         177.26122200    12.76          
     8     7     3  6.420E-06         177.26201280    12.76          
     9     7     2  9.630E-05         177.26344470    12.76          
    10     8     6  9.285E-05         265.88489120    25.52          
    11    10     7  7.018E-04         265.88618860    25.52          
    12     8     5  7.427E-04         265.88643390    25.52          
    13     9     6  8.355E-04         265.88649990    25.52          
    14    10     6  3.714E-06         265.88697930    25.52          
    15    10     5  1.300E-04         265.88852210    25.52          
    16    11     9  1.284E-04         354.50386860    42.53         
    17    12    10  1.886E-03         354.50536650    42.53         
    18    11     8  1.925E-03         354.50547730    42.53         
    19    13     9  2.054E-03         354.50552290    42.53         
    20    12     9  2.620E-06         354.50584590    42.53         
    21    12     8  1.650E-04         354.50745460    42.53         
    22    14    13  1.641E-04         443.11449420    63.80         
    23    15    12  3.899E-03         443.11608250    63.80         
    24    14    11  3.938E-03         443.11614850    63.80         
    25    16    13  4.102E-03         443.11618310    63.80         
    26    15    13  2.026E-06         443.11640550    63.80         
    27    15    11  2.006E-04         443.11805980    63.80         
    28    17    16  1.999E-04         531.71466600    89.32         
    29    18    15  6.958E-03         531.71630940    89.32         
    30    17    14  6.996E-03         531.71635500    89.32         
    31    19    16  7.196E-03         531.71638300    89.32         
    32    18    16  1.652E-06         531.71653180    89.32         
    33    18    14  2.363E-04         531.71822070    89.32         
    34    20    19  2.358E-04         620.30228750   119.09         
    35    21    18  1.128E-02         620.30396990   119.09         
    36    20    17  1.132E-02         620.30400450   119.09         
    37    22    19  1.155E-02         620.30402830   119.09         
    38    21    19  1.395E-06         620.30411860   119.09         
    39    21    17  2.721E-04         620.30583560   119.09         
    40    23    22  2.717E-04         708.87526440   153.11         
    41    24    21  1.708E-02         708.87697710   153.11         
    42    23    20  1.712E-02         708.87700520   153.11         
    43    25    22  1.739E-02         708.87702610   153.11         
    44    24    22  1.208E-06         708.87706740   153.11         
    45    24    20  3.079E-04         708.87880820   153.11 
! NUMBER OF COLLISION PARTNERS
1
!COLLISIONS WITH
1 H2 = HCN-pH2 collision data Hernandez Vera et al. (2017) 
!NUMBER OF COLL TRANS
300
!NUMBER OF COLL TEMPS
12
! COLLISION TEMPERATURES 
                      5   10   20   30   50   70   100   150   200   300   400   500
! TRANSITYION + UPPER + LOWER + COLL.RATES(cm^3 s^-1)
1 2 1 3.0351e-11 2.4556e-11 2.2104e-11 2.1990e-11 2.2275e-11 2.2357e-11 2.2198e-11 2.1662e-11 2.1068e-11 1.9999e-11 1.9138e-11 1.8450e-11
2 3 1 3.0351e-11 2.4556e-11 2.2104e-11 2.1990e-11 2.2275e-11 2.2357e-11 2.2198e-11 2.1662e-11 2.1068e-11 1.9999e-11 1.9138e-11 1.8450e-11
3 3 2 1.1755e-11 1.4510e-11 2.0467e-11 2.5878e-11 3.4489e-11 4.0699e-11 4.7042e-11 5.3210e-11 5.6657e-11 6.0231e-11 6.2102e-11 6.3373e-11
4 4 1 3.0351e-11 2.4556e-11 2.2104e-11 2.1990e-11 2.2275e-11 2.2357e-11 2.2198e-11 2.1662e-11 2.1068e-11 1.9999e-11 1.9138e-11 1.8450e-11
5 4 2 0.0000e+00 0.0000e+00 0.0000e+00 0.0000e+00 0.0000e+00 0.0000e+00 0.0000e+00 0.0000e+00 0.0000e+00 0.0000e+00 0.0000e+00 0.0000e+00
6 4 3 2.6121e-11 3.2245e-11 4.5481e-11 5.7507e-11 7.6642e-11 9.0441e-11 1.0454e-10 1.1824e-10 1.2590e-10 1.3385e-10 1.3800e-10 1.4083e-10
7 5 1 1.3061e-11 1.6123e-11 2.2741e-11 2.8753e-11 3.8321e-11 4.5221e-11 5.2269e-11 5.9122e-11 6.2952e-11 6.6923e-11 6.9002e-11 7.0415e-11
8 5 2 1.5699e-11 1.6405e-11 1.8758e-11 2.0207e-11 2.1388e-11 2.1710e-11 2.1750e-11 2.1535e-11 2.1252e-11 2.0675e-11 2.0150e-11 1.9695e-11
9 5 3 6.3080e-12 7.1697e-12 8.8940e-12 9.6962e-12 1.0202e-11 1.0362e-11 1.0552e-11 1.0895e-11 1.1202e-11 1.1608e-11 1.1808e-11 1.1897e-11
10 5 4 0.0000e+00 0.0000e+00 0.0000e+00 0.0000e+00 0.0000e+00 0.0000e+00 0.0000e+00 0.0000e+00 0.0000e+00 0.0000e+00 0.0000e+00 0.0000e+00
11 6 1 1.3061e-11 1.6123e-11 2.2741e-11 2.8753e-11 3.8321e-11 4.5221e-11 5.2269e-11 5.9122e-11 6.2952e-11 6.6923e-11 6.9002e-11 7.0415e-11
12 6 2 9.2154e-13 1.4583e-12 2.2639e-12 2.5375e-12 2.6334e-12 2.6787e-12 2.8305e-12 3.1858e-12 3.5294e-12 4.0424e-12 4.3643e-12 4.5707e-12
13 6 3 2.0624e-11 2.1387e-11 2.4256e-11 2.6097e-11 2.7639e-11 2.8054e-11 2.8056e-11 2.7652e-11 2.7159e-11 2.6219e-11 2.5411e-11 2.4736e-11
14 6 4 4.6077e-13 7.2917e-13 1.1320e-12 1.2687e-12 1.3167e-12 1.3394e-12 1.4152e-12 1.5929e-12 1.7647e-12 2.0212e-12 2.1822e-12 2.2854e-12
15 6 5 6.4024e-12 8.1077e-12 1.1572e-11 1.4583e-11 1.9497e-11 2.3325e-11 2.7658e-11 3.2535e-11 3.5754e-11 3.9795e-11 4.2321e-11 4.4134e-11
16 7 1 1.3061e-11 1.6123e-11 2.2741e-11 2.8753e-11 3.8321e-11 4.5221e-11 5.2269e-11 5.9122e-11 6.2952e-11 6.6923e-11 6.9002e-11 7.0415e-11
17 7 2 8.3631e-12 8.5466e-12 9.5408e-12 1.0239e-11 1.0858e-11 1.1019e-11 1.0983e-11 1.0725e-11 1.0434e-11 9.9140e-12 9.4970e-12 9.1639e-12
18 7 3 2.4928e-12 3.6323e-12 5.3903e-12 6.0114e-12 6.2539e-12 6.3599e-12 6.6761e-12 7.4053e-12 8.1073e-12 9.1500e-12 9.7983e-12 1.0209e-11
19 7 4 1.1151e-11 1.1395e-11 1.2721e-11 1.3653e-11 1.4477e-11 1.4693e-11 1.4643e-11 1.4300e-11 1.3912e-11 1.3219e-11 1.2663e-11 1.2219e-11
20 7 5 1.0884e-11 1.3435e-11 1.8951e-11 2.3961e-11 3.1934e-11 3.7684e-11 4.3558e-11 4.9268e-11 5.2460e-11 5.5769e-11 5.7502e-11 5.8679e-11
21 7 6 3.9440e-12 5.3836e-12 7.9359e-12 9.9131e-12 1.3366e-11 1.6573e-11 2.0912e-11 2.6807e-11 3.1344e-11 3.7822e-11 4.2248e-11 4.5497e-11
22 8 1 1.9509e-12 2.4442e-12 3.0597e-12 3.1789e-12 3.1512e-12 3.1704e-12 3.3373e-12 3.7534e-12 4.1570e-12 4.7569e-12 5.1304e-12 5.3681e-12
23 8 2 1.5821e-11 1.9094e-11 2.5960e-11 3.1405e-11 3.9538e-11 4.5368e-11 5.1497e-11 5.7816e-11 6.1637e-11 6.6035e-11 6.8611e-11 7.0449e-11
24 8 3 8.9604e-12 1.0997e-11 1.5067e-11 1.8188e-11 2.2945e-11 2.6565e-11 3.0654e-11 3.5288e-11 3.8377e-11 4.2303e-11 4.4794e-11 4.6602e-11
25 8 4 0.0000e+00 0.0000e+00 0.0000e+00 0.0000e+00 0.0000e+00 0.0000e+00 0.0000e+00 0.0000e+00 0.0000e+00 0.0000e+00 0.0000e+00 0.0000e+00
26 8 5 1.5079e-11 2.0160e-11 2.6847e-11 2.9024e-11 2.9672e-11 2.9258e-11 2.8517e-11 2.7655e-11 2.7132e-11 2.6489e-11 2.6025e-11 2.5631e-11
27 8 6 2.5448e-12 3.9168e-12 5.9727e-12 6.6017e-12 6.7281e-12 6.7058e-12 6.8437e-12 7.3530e-12 7.9309e-12 8.8911e-12 9.5415e-12 9.9718e-12
28 8 7 4.1622e-13 8.5076e-13 1.5521e-12 1.7469e-12 1.7465e-12 1.7210e-12 1.7616e-12 1.9257e-12 2.1017e-12 2.3754e-12 2.5514e-12 2.6659e-12
29 9 1 1.9509e-12 2.4442e-12 3.0597e-12 3.1789e-12 3.1512e-12 3.1704e-12 3.3373e-12 3.7534e-12 4.1570e-12 4.7569e-12 5.1304e-12 5.3681e-12
30 9 2 1.1664e-12 1.6109e-12 2.3188e-12 2.7618e-12 3.5294e-12 4.3117e-12 5.4508e-12 7.0889e-12 8.3975e-12 1.0318e-11 1.1655e-11 1.2642e-11
31 9 3 2.2993e-11 2.7621e-11 3.7472e-11 4.5358e-11 5.7071e-11 6.5322e-11 7.3793e-11 8.2234e-11 8.7138e-11 9.2517e-11 9.5535e-11 9.7666e-11
32 9 4 6.2206e-13 8.5917e-13 1.2367e-12 1.4730e-12 1.8823e-12 2.2995e-12 2.9071e-12 3.7807e-12 4.4787e-12 5.5029e-12 6.2158e-12 6.7425e-12
33 9 5 4.9412e-13 1.0525e-12 1.9811e-12 2.2551e-12 2.2955e-12 2.3274e-12 2.5233e-12 3.0353e-12 3.5680e-12 4.4321e-12 5.0227e-12 5.4235e-12
34 9 6 1.7369e-11 2.3463e-11 3.1566e-11 3.4158e-11 3.4843e-11 3.4286e-11 3.3333e-11 3.2182e-11 3.1417e-11 3.0380e-11 2.9620e-11 2.9003e-11
35 9 7 1.7672e-13 4.1226e-13 8.2516e-13 9.5922e-13 1.0081e-12 1.0718e-12 1.2663e-12 1.7167e-12 2.1798e-12 2.9432e-12 3.4758e-12 3.8424e-12
36 9 8 4.1268e-12 5.1904e-12 7.3321e-12 9.1756e-12 1.2233e-11 1.4719e-11 1.7696e-11 2.1325e-11 2.3929e-11 2.7519e-11 2.9987e-11 3.1858e-11
37 10 1 1.9509e-12 2.4442e-12 3.0597e-12 3.1789e-12 3.1512e-12 3.1704e-12 3.3373e-12 3.7534e-12 4.1570e-12 4.7569e-12 5.1304e-12 5.3681e-12
38 10 2 1.0445e-11 1.2496e-11 1.6920e-11 2.0492e-11 2.5771e-11 2.9429e-11 3.3104e-11 3.6643e-11 3.8612e-11 4.0652e-11 4.1734e-11 4.2487e-11
39 10 3 3.8915e-12 5.0991e-12 7.1873e-12 8.6088e-12 1.0942e-11 1.3074e-11 1.5942e-11 1.9818e-11 2.2791e-11 2.7033e-11 2.9937e-11 3.2076e-11
40 10 4 1.0445e-11 1.2496e-11 1.6920e-11 2.0492e-11 2.5771e-11 2.9429e-11 3.3104e-11 3.6643e-11 3.8612e-11 4.0652e-11 4.1734e-11 4.2487e-11
41 10 5 3.2561e-12 4.7801e-12 6.9688e-12 7.6289e-12 7.7326e-12 7.6083e-12 7.5055e-12 7.5267e-12 7.6234e-12 7.7953e-12 7.8892e-12 7.9304e-12
42 10 6 5.3117e-13 1.1415e-12 2.1890e-12 2.5230e-12 2.6306e-12 2.7600e-12 3.1796e-12 4.1687e-12 5.1891e-12 6.8688e-12 8.0381e-12 8.8411e-12
43 10 7 1.4253e-11 1.9006e-11 2.5214e-11 2.7221e-11 2.7784e-11 2.7317e-11 2.6437e-11 2.5238e-11 2.4352e-11 2.3091e-11 2.2191e-11 2.1497e-11
44 10 8 6.2743e-12 7.9455e-12 1.1340e-11 1.4291e-11 1.9107e-11 2.2858e-11 2.7104e-11 3.1884e-11 3.5038e-11 3.8999e-11 4.1475e-11 4.3251e-11
45 10 9 1.7559e-12 2.1189e-12 2.8014e-12 3.3404e-12 4.3652e-12 5.4681e-12 7.2005e-12 9.9642e-12 1.2401e-11 1.6403e-11 1.9564e-11 2.2125e-11
46 11 1 1.0501e-12 1.4965e-12 2.2439e-12 2.7902e-12 3.7787e-12 4.7701e-12 6.1966e-12 8.2351e-12 9.8577e-12 1.2230e-11 1.3874e-11 1.5085e-11
47 11 2 1.3857e-12 2.3644e-12 3.4369e-12 3.6835e-12 3.6572e-12 3.6325e-12 3.7769e-12 4.2633e-12 4.7980e-12 5.6711e-12 6.2602e-12 6.6539e-12
48 11 3 9.5787e-13 1.6708e-12 2.4688e-12 2.6616e-12 2.6672e-12 2.6880e-12 2.8763e-12 3.3995e-12 3.9584e-12 4.8767e-12 5.5058e-12 5.9314e-12
49 11 4 0.0000e+00 0.0000e+00 0.0000e+00 0.0000e+00 0.0000e+00 0.0000e+00 0.0000e+00 0.0000e+00 0.0000e+00 0.0000e+00 0.0000e+00 0.0000e+00
50 11 5 3.0049e-11 3.4540e-11 4.3539e-11 5.0422e-11 6.0113e-11 6.6667e-11 7.3258e-11 7.9793e-11 8.3656e-11 8.8117e-11 9.0871e-11 9.2981e-11
51 11 6 7.9194e-12 9.2876e-12 1.1759e-11 1.3508e-11 1.6123e-11 1.8194e-11 2.0692e-11 2.3791e-11 2.6063e-11 2.9275e-11 3.1545e-11 3.3300e-11
52 11 7 9.7955e-13 1.3017e-12 1.7494e-12 1.9968e-12 2.4210e-12 2.8664e-12 3.5222e-12 4.4661e-12 5.2192e-12 6.3244e-12 7.0948e-12 7.6653e-12
53 11 8 1.6942e-11 2.2266e-11 3.1948e-11 3.6222e-11 3.7877e-11 3.7030e-11 3.5286e-11 3.3156e-11 3.1903e-11 3.0626e-11 2.9976e-11 2.9546e-11
54 11 9 1.5758e-12 2.4133e-12 4.0129e-12 4.6785e-12 4.9327e-12 4.9587e-12 5.1191e-12 5.6626e-12 6.3056e-12 7.4543e-12 8.3053e-12 8.9135e-12
55 11 10 3.6147e-13 7.5482e-13 1.5274e-12 1.8231e-12 1.8980e-12 1.9074e-12 2.0203e-12 2.3497e-12 2.7002e-12 3.2727e-12 3.6665e-12 3.9357e-12
56 12 1 1.0501e-12 1.4965e-12 2.2439e-12 2.7902e-12 3.7787e-12 4.7701e-12 6.1966e-12 8.2351e-12 9.8577e-12 1.2230e-11 1.3874e-11 1.5085e-11
57 12 2 1.7245e-13 3.4391e-13 5.5459e-13 6.1570e-13 6.4488e-13 6.9345e-13 8.3208e-13 1.1475e-12 1.4723e-12 2.0100e-12 2.3860e-12 2.6443e-12
58 12 3 2.0753e-12 3.5003e-12 5.0430e-12 5.3873e-12 5.3213e-12 5.2419e-12 5.3588e-12 5.8779e-12 6.4662e-12 7.4212e-12 8.0545e-12 8.4720e-12
59 12 4 9.5806e-14 1.9106e-13 3.0810e-13 3.4206e-13 3.5827e-13 3.8525e-13 4.6227e-13 6.3749e-13 8.1792e-13 1.1167e-12 1.3255e-12 1.4690e-12
60 12 5 1.5799e-12 1.9322e-12 2.4411e-12 2.7239e-12 3.2487e-12 3.8525e-12 4.8057e-12 6.2774e-12 7.5249e-12 9.4827e-12 1.0956e-11 1.2111e-11
61 12 6 3.6457e-11 4.2200e-11 5.3468e-11 6.1983e-11 7.3999e-11 8.2198e-11 9.0514e-11 9.8807e-11 1.0370e-10 1.0927e-10 1.1258e-10 1.1502e-10
62 12 7 9.1187e-13 9.9653e-13 1.1392e-12 1.2201e-12 1.4101e-12 1.6773e-12 2.1534e-12 2.9669e-12 3.7100e-12 4.9641e-12 5.9781e-12 6.8109e-12
63 12 8 3.5094e-13 7.3008e-13 1.4804e-12 1.7817e-12 1.9011e-12 1.9746e-12 2.2091e-12 2.7824e-12 3.3897e-12 4.4246e-12 5.1780e-12 5.7163e-12
64 12 9 1.8444e-11 2.4533e-11 3.5655e-11 4.0496e-11 4.2259e-11 4.1257e-11 3.9302e-11 3.6943e-11 3.5516e-11 3.3936e-11 3.3023e-11 3.2375e-11
65 12 10 8.4476e-14 1.7149e-13 3.5242e-13 4.4680e-13 5.4779e-13 6.6499e-13 9.1438e-13 1.4439e-12 2.0027e-12 2.9921e-12 3.7466e-12 4.3040e-12
66 12 11 2.8481e-12 3.5557e-12 4.9785e-12 6.2049e-12 8.2661e-12 9.9850e-12 1.2114e-11 1.4834e-11 1.6880e-11 1.9848e-11 2.2005e-11 2.3708e-11
67 13 1 1.0501e-12 1.4965e-12 2.2439e-12 2.7902e-12 3.7787e-12 4.7701e-12 6.1966e-12 8.2351e-12 9.8577e-12 1.2230e-11 1.3874e-11 1.5085e-11
68 13 2 9.6056e-13 1.6078e-12 2.3027e-12 2.4545e-12 2.4159e-12 2.3663e-12 2.3906e-12 2.5676e-12 2.7759e-12 3.1115e-12 3.3295e-12 3.4709e-12
69 13 3 5.2917e-13 9.9829e-13 1.5561e-12 1.7087e-12 1.7610e-12 1.8508e-12 2.1377e-12 2.8129e-12 3.5131e-12 4.6706e-12 5.4769e-12 6.0292e-12
70 13 4 8.5383e-13 1.4292e-12 2.0469e-12 2.1818e-12 2.1475e-12 2.1034e-12 2.1249e-12 2.2823e-12 2.4674e-12 2.7657e-12 2.9596e-12 3.0852e-12
71 13 5 8.9587e-12 1.0579e-11 1.3532e-11 1.5655e-11 1.8738e-11 2.1024e-11 2.3581e-11 2.6467e-11 2.8395e-11 3.0869e-11 3.2463e-11 3.3638e-11
72 13 6 2.6361e-12 2.9763e-12 3.5467e-12 3.8989e-12 4.5699e-12 5.3491e-12 6.6108e-12 8.6351e-12 1.0417e-11 1.3341e-11 1.5656e-11 1.7536e-11
73 13 7 2.7354e-11 3.1574e-11 3.9969e-11 4.6373e-11 5.5350e-11 6.1355e-11 6.7281e-11 7.2949e-11 7.6126e-11 7.9506e-11 8.1392e-11 8.2772e-11
74 13 8 1.9393e-12 2.9260e-12 4.7969e-12 5.5595e-12 5.7949e-12 5.7249e-12 5.7078e-12 5.9293e-12 6.2522e-12 6.8388e-12 7.2555e-12 7.5378e-12
75 13 9 1.9943e-13 3.9020e-13 7.8099e-13 9.7432e-13 1.1558e-12 1.3559e-12 1.7899e-12 2.7215e-12 3.7060e-12 5.4465e-12 6.7705e-12 7.7467e-12
76 13 10 1.6741e-11 2.2118e-11 3.1910e-11 3.6190e-11 3.7757e-11 3.6816e-11 3.4927e-11 3.2518e-11 3.0950e-11 2.9067e-11 2.7922e-11 2.7110e-11
77 13 11 4.0931e-12 5.1480e-12 7.2723e-12 9.1007e-12 1.2133e-11 1.4598e-11 1.7552e-11 2.1151e-11 2.3734e-11 2.7294e-11 2.9742e-11 3.1598e-11
78 13 12 7.7578e-13 8.8598e-13 1.1007e-12 1.2915e-12 1.7000e-12 2.1797e-12 2.9919e-12 4.4036e-12 5.7382e-12 8.0796e-12 1.0084e-11 1.1835e-11
79 14 1 2.7519e-13 4.1078e-13 5.7898e-13 6.2653e-13 6.6091e-13 7.2998e-13 9.1269e-13 1.3180e-12 1.7323e-12 2.4144e-12 2.8887e-12 3.2134e-12
80 14 2 1.3250e-12 1.8542e-12 2.7750e-12 3.4075e-12 4.4099e-12 5.3478e-12 6.6930e-12 8.6668e-12 1.0296e-11 1.2795e-11 1.4626e-11 1.6035e-11
81 14 3 1.1066e-12 1.4962e-12 2.1803e-12 2.6507e-12 3.4054e-12 4.1326e-12 5.2069e-12 6.8314e-12 8.2060e-12 1.0369e-11 1.2000e-11 1.3280e-11
82 14 4 0.0000e+00 0.0000e+00 0.0000e+00 0.0000e+00 0.0000e+00 0.0000e+00 0.0000e+00 0.0000e+00 0.0000e+00 0.0000e+00 0.0000e+00 0.0000e+00
83 14 5 1.1108e-12 2.5223e-12 4.7138e-12 5.5704e-12 5.8716e-12 5.8177e-12 5.8451e-12 6.2579e-12 6.8476e-12 7.9639e-12 8.8043e-12 9.4073e-12
84 14 6 3.8349e-13 9.0527e-13 1.7470e-12 2.0970e-12 2.2790e-12 2.3602e-12 2.5694e-12 3.1008e-12 3.6919e-12 4.7366e-12 5.5120e-12 6.0686e-12
85 14 7 6.2224e-14 1.6856e-13 3.5430e-13 4.3435e-13 4.8135e-13 5.1463e-13 5.9478e-13 7.7342e-13 9.5712e-13 1.2635e-12 1.4800e-12 1.6299e-12
86 14 8 4.8117e-11 5.2900e-11 6.2908e-11 7.0215e-11 7.9814e-11 8.5933e-11 9.1854e-11 9.7531e-11 1.0081e-10 1.0458e-10 1.0698e-10 1.0893e-10
87 14 9 7.5722e-12 8.4007e-12 9.9173e-12 1.0924e-11 1.2407e-11 1.3636e-11 1.5212e-11 1.7315e-11 1.8962e-11 2.1453e-11 2.3339e-11 2.4869e-11
88 14 10 1.6210e-12 1.8893e-12 2.2454e-12 2.4124e-12 2.7400e-12 3.1518e-12 3.8218e-12 4.8641e-12 5.7478e-12 7.1351e-12 8.1805e-12 9.0006e-12
89 14 11 9.7470e-12 1.6640e-11 2.6034e-11 3.0998e-11 3.4717e-11 3.5380e-11 3.4946e-11 3.3794e-11 3.2955e-11 3.2051e-11 3.1622e-11 3.1369e-11
90 14 12 5.7501e-13 1.1454e-12 2.0778e-12 2.5511e-12 2.9093e-12 3.0917e-12 3.3963e-12 4.0497e-12 4.7580e-12 6.0360e-12 7.0276e-12 7.7718e-12
91 14 13 1.5006e-13 4.0328e-13 8.8654e-13 1.1198e-12 1.2814e-12 1.3888e-12 1.6115e-12 2.0891e-12 2.5778e-12 3.4000e-12 3.9960e-12 4.4225e-12
92 15 1 2.7519e-13 4.1078e-13 5.7898e-13 6.2653e-13 6.6091e-13 7.2998e-13 9.1269e-13 1.3180e-12 1.7323e-12 2.4144e-12 2.8887e-12 3.2134e-12
93 15 2 3.6061e-13 4.2014e-13 5.3366e-13 6.1231e-13 7.5190e-13 9.1655e-13 1.2034e-12 1.7019e-12 2.1673e-12 2.9704e-12 3.6328e-12 4.1836e-12
94 15 3 1.8649e-12 2.6901e-12 4.1167e-12 5.0959e-12 6.6337e-12 8.0402e-12 1.0009e-11 1.2824e-11 1.5097e-11 1.8495e-11 2.0917e-11 2.2741e-11
95 15 4 2.0606e-13 2.4008e-13 3.0495e-13 3.4989e-13 4.2966e-13 5.2374e-13 6.8765e-13 9.7251e-13 1.2385e-12 1.6974e-12 2.0759e-12 2.3906e-12
96 15 5 8.7110e-14 2.2139e-13 4.5451e-13 5.6630e-13 6.6500e-13 7.5851e-13 9.5200e-13 1.3554e-12 1.7743e-12 2.5046e-12 3.0504e-12 3.4461e-12
97 15 6 1.4296e-12 3.2865e-12 6.1899e-12 7.3139e-12 7.6709e-12 7.5533e-12 7.5155e-12 7.9137e-12 8.5234e-12 9.6577e-12 1.0478e-11 1.1045e-11
98 15 7 3.9820e-14 8.8178e-14 1.7071e-13 2.2157e-13 2.9606e-13 3.8070e-13 5.4172e-13 8.6302e-13 1.1990e-12 1.8018e-12 2.2681e-12 2.6149e-12
99 15 8 1.8126e-12 2.0387e-12 2.3492e-12 2.5004e-12 2.8322e-12 3.2750e-12 4.0222e-12 5.2311e-12 6.2911e-12 8.0159e-12 9.3758e-12 1.0487e-11
100 15 9 5.4747e-11 6.0417e-11 7.1989e-11 8.0309e-11 9.1301e-11 9.8460e-11 1.0557e-10 1.1262e-10 1.1683e-10 1.2177e-10 1.2490e-10 1.2734e-10
101 15 10 7.5092e-13 7.3438e-13 7.3230e-13 7.4200e-13 8.2796e-13 9.8501e-13 1.2916e-12 1.8572e-12 2.4034e-12 3.3765e-12 4.2246e-12 4.9751e-12
102 15 11 1.3857e-13 3.7080e-13 8.1434e-13 1.0335e-12 1.2024e-12 1.3329e-12 1.6050e-12 2.1974e-12 2.8271e-12 3.9467e-12 4.8097e-12 5.4572e-12
103 15 12 1.0310e-11 1.7759e-11 2.8057e-11 3.3464e-11 3.7462e-11 3.8195e-11 3.7827e-11 3.6787e-11 3.6023e-11 3.5132e-11 3.4606e-11 3.4218e-11
104 15 13 2.3224e-14 5.8638e-14 1.2704e-13 1.7186e-13 2.4283e-13 3.3247e-13 5.2197e-13 9.4901e-13 1.4408e-12 2.4089e-12 3.2305e-12 3.8883e-12
105 15 14 2.0556e-12 2.5569e-12 3.5644e-12 4.4342e-12 5.9078e-12 7.1556e-12 8.7340e-12 1.0813e-11 1.2430e-11 1.4856e-11 1.6684e-11 1.8170e-11
106 16 1 2.7519e-13 4.1078e-13 5.7898e-13 6.2653e-13 6.6091e-13 7.2998e-13 9.1269e-13 1.3180e-12 1.7323e-12 2.4144e-12 2.8887e-12 3.2134e-12
107 16 2 8.3159e-13 1.2218e-12 1.8940e-12 2.3553e-12 3.0760e-12 3.7271e-12 4.6258e-12 5.8912e-12 6.8990e-12 8.3821e-12 9.4189e-12 1.0188e-11
108 16 3 9.0699e-13 1.1104e-12 1.4829e-12 1.7401e-12 2.1758e-12 2.6475e-12 3.4192e-12 4.6976e-12 5.8543e-12 7.7959e-12 9.3580e-12 1.0637e-11
109 16 4 6.9299e-13 1.0182e-12 1.5784e-12 1.9627e-12 2.5634e-12 3.1059e-12 3.8548e-12 4.9093e-12 5.7492e-12 6.9851e-12 7.8491e-12 8.4901e-12
110 16 5 4.1893e-13 9.9267e-13 1.9118e-12 2.2759e-12 2.4132e-12 2.4180e-12 2.4922e-12 2.7773e-12 3.1192e-12 3.7158e-12 4.1396e-12 4.4315e-12
111 16 6 1.2972e-13 2.9968e-13 5.8520e-13 7.3546e-13 9.0463e-13 1.0789e-12 1.4198e-12 2.1164e-12 2.8482e-12 4.1548e-12 5.1578e-12 5.8992e-12
112 16 7 1.0079e-12 2.3038e-12 4.3182e-12 5.0904e-12 5.3141e-12 5.1956e-12 5.0973e-12 5.2383e-12 5.5293e-12 6.0934e-12 6.4989e-12 6.7751e-12
113 16 8 8.6179e-12 9.6320e-12 1.1472e-11 1.2689e-11 1.4422e-11 1.5787e-11 1.7453e-11 1.9552e-11 2.1114e-11 2.3362e-11 2.4981e-11 2.6248e-11
114 16 9 1.7256e-12 1.7621e-12 1.8627e-12 1.9413e-12 2.1809e-12 2.5314e-12 3.1645e-12 4.2768e-12 5.3217e-12 7.1454e-12 8.7067e-12 1.0072e-11
115 16 10 4.6967e-11 5.1796e-11 6.1736e-11 6.8922e-11 7.8358e-11 8.4401e-11 9.0269e-11 9.5881e-11 9.9086e-11 1.0266e-10 1.0481e-10 1.0648e-10
116 16 11 6.8603e-13 1.3573e-12 2.4468e-12 2.9939e-12 3.3851e-12 3.5509e-12 3.8023e-12 4.3290e-12 4.8825e-12 5.8322e-12 6.5260e-12 7.0216e-12
117 16 12 4.8064e-14 1.1852e-13 2.5229e-13 3.3501e-13 4.5309e-13 5.9515e-13 8.9431e-13 1.5671e-12 2.3391e-12 3.8517e-12 5.1303e-12 6.1514e-12
118 16 13 9.7380e-12 1.6713e-11 2.6300e-11 3.1340e-11 3.5069e-11 3.5714e-11 3.5257e-11 3.4037e-11 3.3070e-11 3.1803e-11 3.0990e-11 3.0390e-11
119 16 14 2.8364e-12 3.5410e-12 4.9580e-12 6.1793e-12 8.2320e-12 9.9439e-12 1.2065e-11 1.4773e-11 1.6810e-11 1.9766e-11 2.1915e-11 2.3611e-11
120 16 15 3.3226e-13 3.7850e-13 4.6956e-13 5.5307e-13 7.3919e-13 9.6756e-13 1.3762e-12 2.1444e-12 2.9230e-12 4.3669e-12 5.6669e-12 6.8609e-12
121 17 1 3.7584e-13 4.2474e-13 5.2186e-13 5.9872e-13 7.6239e-13 9.6824e-13 1.3306e-12 1.9636e-12 2.5561e-12 3.5772e-12 4.4169e-12 5.1131e-12
122 17 2 2.3489e-13 3.3280e-13 5.1476e-13 6.0304e-13 6.9376e-13 7.9718e-13 1.0243e-12 1.5177e-12 2.0364e-12 2.9307e-12 3.5852e-12 4.0513e-12
123 17 3 1.9084e-13 2.6361e-13 4.0383e-13 4.7625e-13 5.6075e-13 6.6064e-13 8.7511e-13 1.3382e-12 1.8295e-12 2.6898e-12 3.3302e-12 3.7921e-12
124 17 4 0.0000e+00 0.0000e+00 0.0000e+00 0.0000e+00 0.0000e+00 0.0000e+00 0.0000e+00 0.0000e+00 0.0000e+00 0.0000e+00 0.0000e+00 0.0000e+00
125 17 5 2.7076e-12 3.3772e-12 4.7138e-12 5.7263e-12 7.2783e-12 8.5944e-12 1.0349e-11 1.2807e-11 1.4801e-11 1.7842e-11 2.0087e-11 2.1842e-11
126 17 6 1.3947e-12 1.5870e-12 2.0597e-12 2.4369e-12 3.0434e-12 3.6078e-12 4.4339e-12 5.7007e-12 6.7994e-12 8.5917e-12 1.0013e-11 1.1180e-11
127 17 7 3.5565e-13 3.6137e-13 4.2162e-13 4.7523e-13 5.6885e-13 6.7380e-13 8.5197e-13 1.1555e-12 1.4356e-12 1.9170e-12 2.3143e-12 2.6450e-12
128 17 8 1.0988e-12 1.7383e-12 3.3790e-12 4.4454e-12 5.4205e-12 5.8495e-12 6.3047e-12 7.0752e-12 7.8672e-12 9.2638e-12 1.0325e-11 1.1113e-11
129 17 9 2.2850e-13 3.7171e-13 7.4281e-13 9.9815e-13 1.2809e-12 1.4842e-12 1.8095e-12 2.4325e-12 3.0747e-12 4.2144e-12 5.0947e-12 5.7543e-12
130 17 10 5.3958e-14 9.4913e-14 2.0197e-13 2.8038e-13 3.8237e-13 4.7713e-13 6.4625e-13 9.7047e-13 1.2935e-12 1.8429e-12 2.2488e-12 2.5422e-12
131 17 11 7.5034e-11 7.5666e-11 8.2490e-11 8.8447e-11 9.6522e-11 1.0167e-10 1.0661e-10 1.1128e-10 1.1397e-10 1.1711e-10 1.1920e-10 1.2100e-10
132 17 12 7.8173e-12 7.9061e-12 8.5039e-12 8.9806e-12 9.7909e-12 1.0549e-11 1.1601e-11 1.3104e-11 1.4345e-11 1.6310e-11 1.7866e-11 1.9174e-11
133 17 13 2.0749e-12 2.1352e-12 2.2516e-12 2.3019e-12 2.5025e-12 2.8293e-12 3.4048e-12 4.3462e-12 5.1721e-12 6.5158e-12 7.5760e-12 8.4429e-12
134 17 14 1.2436e-11 1.5933e-11 2.2886e-11 2.7074e-11 3.1015e-11 3.2453e-11 3.3065e-11 3.3026e-11 3.2798e-11 3.2488e-11 3.2352e-11 3.2292e-11
135 17 15 5.0786e-13 7.5922e-13 1.2633e-12 1.5435e-12 1.8120e-12 1.9952e-12 2.3001e-12 2.9225e-12 3.5978e-12 4.8563e-12 5.8795e-12 6.6805e-12
136 17 16 1.4098e-13 2.8202e-13 5.6623e-13 7.1349e-13 8.4945e-13 9.6699e-13 1.2006e-12 1.6955e-12 2.2188e-12 3.1483e-12 3.8649e-12 4.4035e-12
137 18 1 3.7584e-13 4.2474e-13 5.2186e-13 5.9872e-13 7.6239e-13 9.6824e-13 1.3306e-12 1.9636e-12 2.5561e-12 3.5772e-12 4.4169e-12 5.1131e-12
138 18 2 4.3058e-14 4.8343e-14 6.7477e-14 8.4932e-14 1.2172e-13 1.7030e-13 2.6776e-13 4.7450e-13 6.9992e-13 1.1134e-12 1.4362e-12 1.6769e-12
139 18 3 3.5755e-13 5.1987e-13 8.1175e-13 9.4481e-13 1.0618e-12 1.1882e-12 1.4755e-12 2.1046e-12 2.7577e-12 3.8576e-12 4.6414e-12 5.1883e-12
140 18 4 2.5117e-14 2.8200e-14 3.9362e-14 4.9544e-14 7.1004e-14 9.9341e-14 1.5619e-13 2.7679e-13 4.0828e-13 6.4947e-13 8.3777e-13 9.7821e-13
141 18 5 5.3753e-13 5.3370e-13 6.0454e-13 6.7760e-13 8.1855e-13 9.8420e-13 1.2728e-12 1.7796e-12 2.2589e-12 3.1022e-12 3.8233e-12 4.4472e-12
142 18 6 3.6421e-12 4.5265e-12 6.3063e-12 7.6459e-12 9.6845e-12 1.1412e-11 1.3716e-11 1.6933e-11 1.9529e-11 2.3462e-11 2.6324e-11 2.8520e-11
143 18 7 2.7834e-13 2.6536e-13 2.8419e-13 3.1500e-13 3.8751e-13 4.7948e-13 6.4594e-13 9.5081e-13 1.2483e-12 1.7870e-12 2.2669e-12 2.6995e-12
144 18 8 5.8268e-14 9.9649e-14 2.0919e-13 2.9276e-13 4.1247e-13 5.3403e-13 7.5869e-13 1.2059e-12 1.6723e-12 2.5127e-12 3.1734e-12 3.6748e-12
145 18 9 1.3036e-12 2.0768e-12 4.0597e-12 5.3503e-12 6.5346e-12 7.0676e-12 7.6477e-12 8.6074e-12 9.5469e-12 1.1100e-11 1.2196e-11 1.2961e-11
146 18 10 1.9412e-14 2.8454e-14 5.4847e-14 8.0844e-14 1.3667e-13 2.0923e-13 3.5413e-13 6.6490e-13 1.0162e-12 1.7082e-12 2.2991e-12 2.7737e-12
147 18 11 2.0391e-12 2.0698e-12 2.1560e-12 2.1969e-12 2.3899e-12 2.7142e-12 3.2976e-12 4.2789e-12 5.1624e-12 6.6363e-12 7.8337e-12 8.8418e-12
148 18 12 8.2367e-11 8.3174e-11 9.0667e-11 9.7118e-11 1.0597e-10 1.1179e-10 1.1758e-10 1.2335e-10 1.2684e-10 1.3109e-10 1.3395e-10 1.3631e-10
149 18 13 5.1926e-13 4.6375e-13 4.2315e-13 4.1457e-13 4.5438e-13 5.4407e-13 7.3215e-13 1.1066e-12 1.4910e-12 2.2069e-12 2.8572e-12 3.4604e-12
150 18 14 1.2921e-13 2.5740e-13 5.1596e-13 6.5206e-13 7.8482e-13 9.0657e-13 1.1530e-12 1.6887e-12 2.2762e-12 3.3723e-12 4.2641e-12 4.9631e-12
151 18 15 1.2938e-11 1.6685e-11 2.4138e-11 2.8596e-11 3.2768e-11 3.4330e-11 3.5113e-11 3.5358e-11 3.5367e-11 3.5333e-11 3.5284e-11 3.5209e-11
152 18 16 1.7564e-14 3.2053e-14 6.1950e-14 8.3546e-14 1.2381e-13 1.7862e-13 3.0012e-13 5.9717e-13 9.7134e-13 1.7864e-12 2.5486e-12 3.2036e-12
153 18 17 1.5476e-12 1.9200e-12 2.6684e-12 3.3153e-12 4.4170e-12 5.3589e-12 6.5669e-12 8.1937e-12 9.4900e-12 1.1488e-11 1.3033e-11 1.4316e-11
154 19 1 3.7584e-13 4.2474e-13 5.2186e-13 5.9872e-13 7.6239e-13 9.6824e-13 1.3306e-12 1.9636e-12 2.5561e-12 3.5772e-12 4.4169e-12 5.1131e-12
155 19 2 1.6683e-13 2.4562e-13 3.8524e-13 4.4702e-13 4.9672e-13 5.4853e-13 6.6909e-13 9.3450e-13 1.2077e-12 1.6606e-12 1.9773e-12 2.1949e-12
156 19 3 1.2544e-13 1.5430e-13 2.2515e-13 2.7466e-13 3.6041e-13 4.7046e-13 6.9508e-13 1.1738e-12 1.6920e-12 2.6314e-12 3.3563e-12 3.8926e-12
157 19 4 1.3346e-13 1.9650e-13 3.0819e-13 3.5761e-13 3.9738e-13 4.3883e-13 5.3527e-13 7.4760e-13 9.6618e-13 1.3285e-12 1.5818e-12 1.7559e-12
158 19 5 1.3355e-12 1.5749e-12 2.1081e-12 2.5176e-12 3.1528e-12 3.7179e-12 4.5113e-12 5.6761e-12 6.6521e-12 8.1892e-12 9.3549e-12 1.0275e-11
159 19 6 7.6118e-13 7.6331e-13 8.7083e-13 9.8656e-13 1.2160e-12 1.4780e-12 1.9246e-12 2.7064e-12 3.4482e-12 4.7609e-12 5.9010e-12 6.9081e-12
160 19 7 2.3612e-12 2.9874e-12 4.2161e-12 5.1343e-12 6.5217e-12 7.6801e-12 9.1987e-12 1.1281e-11 1.2936e-11 1.5401e-11 1.7158e-11 1.8484e-11
161 19 8 2.5436e-13 4.1557e-13 8.3129e-13 1.1118e-12 1.4032e-12 1.5897e-12 1.8677e-12 2.3774e-12 2.8820e-12 3.7321e-12 4.3512e-12 4.7938e-12
162 19 9 5.1145e-14 7.9020e-14 1.5602e-13 2.2188e-13 3.3905e-13 4.7671e-13 7.4427e-13 1.3092e-12 1.9392e-12 3.1630e-12 4.1951e-12 5.0178e-12
163 19 10 1.0758e-12 1.7103e-12 3.3364e-12 4.3903e-12 5.3415e-12 5.7444e-12 6.1486e-12 6.7916e-12 7.4141e-12 8.4260e-12 9.1225e-12 9.5976e-12
164 19 11 8.9101e-12 9.0444e-12 9.7710e-12 1.0338e-11 1.1270e-11 1.2109e-11 1.3237e-11 1.4788e-11 1.6026e-11 1.7926e-11 1.9386e-11 2.0581e-11
165 19 12 1.1128e-12 1.0372e-12 1.0020e-12 1.0066e-12 1.1005e-12 1.2731e-12 1.6126e-12 2.2596e-12 2.9070e-12 4.0916e-12 5.1520e-12 6.1252e-12
166 19 13 7.4903e-11 7.5626e-11 8.2473e-11 8.8385e-11 9.6445e-11 1.0167e-10 1.0676e-10 1.1169e-10 1.1456e-10 1.1792e-10 1.2011e-10 1.2191e-10
167 19 14 5.9061e-13 8.7956e-13 1.4586e-12 1.7782e-12 2.0751e-12 2.2646e-12 2.5650e-12 3.1548e-12 3.7701e-12 4.8613e-12 5.7014e-12 6.3316e-12
168 19 15 3.2515e-14 5.8584e-14 1.1208e-13 1.4855e-13 2.1090e-13 2.9254e-13 4.7196e-13 9.0770e-13 1.4531e-12 2.6340e-12 3.7331e-12 4.6750e-12
169 19 16 1.2462e-11 1.6036e-11 2.3145e-11 2.7405e-11 3.1390e-11 3.2858e-11 3.3529e-11 3.3581e-11 3.3391e-11 3.2997e-11 3.2662e-11 3.2370e-11
170 19 17 2.0508e-12 2.5509e-12 3.5560e-12 4.4237e-12 5.8939e-12 7.1387e-12 8.7134e-12 1.0788e-11 1.2400e-11 1.4821e-11 1.6644e-11 1.8127e-11
171 19 18 1.7810e-13 1.9951e-13 2.4293e-13 2.8386e-13 3.7756e-13 4.9636e-13 7.1845e-13 1.1656e-12 1.6511e-12 2.6060e-12 3.4980e-12 4.3390e-12
172 20 1 6.0535e-14 6.8905e-14 8.6431e-14 1.0145e-13 1.3803e-13 1.9315e-13 3.1129e-13 5.7036e-13 8.5564e-13 1.3797e-12 1.7882e-12 2.0924e-12
173 20 2 4.3545e-13 4.7406e-13 5.6085e-13 6.4496e-13 8.2922e-13 1.0509e-12 1.4318e-12 2.0957e-12 2.7223e-12 3.8188e-12 4.7439e-12 5.5329e-12
174 20 3 3.7223e-13 4.0208e-13 4.7088e-13 5.4045e-13 6.9706e-13 8.8796e-13 1.2191e-12 1.8027e-12 2.3582e-12 3.3381e-12 4.1742e-12 4.8955e-12
175 20 4 0.0000e+00 0.0000e+00 0.0000e+00 0.0000e+00 0.0000e+00 0.0000e+00 0.0000e+00 0.0000e+00 0.0000e+00 0.0000e+00 0.0000e+00 0.0000e+00
176 20 5 3.0705e-13 3.6388e-13 5.2133e-13 6.4796e-13 8.3796e-13 1.0286e-12 1.3732e-12 2.0562e-12 2.7621e-12 4.0006e-12 4.9409e-12 5.6359e-12
177 20 6 1.4034e-13 1.5430e-13 2.1462e-13 2.7211e-13 3.7782e-13 5.0062e-13 7.3307e-13 1.2072e-12 1.7135e-12 2.6381e-12 3.3671e-12 3.9194e-12
178 20 7 2.5656e-14 2.3583e-14 3.0294e-14 4.0664e-14 6.6524e-14 1.0089e-13 1.6718e-13 3.0141e-13 4.4367e-13 7.0077e-13 9.0036e-13 1.0491e-12
179 20 8 5.2668e-12 5.9014e-12 7.2150e-12 8.3499e-12 1.0237e-11 1.1842e-11 1.3913e-11 1.6711e-11 1.8938e-11 2.2316e-11 2.4808e-11 2.6762e-11
180 20 9 1.7536e-12 1.7569e-12 1.9621e-12 2.2021e-12 2.6557e-12 3.1008e-12 3.7582e-12 4.7727e-12 5.6621e-12 7.1397e-12 8.3459e-12 9.3681e-12
181 20 10 6.6022e-13 5.8509e-13 5.7735e-13 6.1589e-13 7.1800e-13 8.4649e-13 1.0693e-12 1.4528e-12 1.8092e-12 2.4299e-12 2.9586e-12 3.4159e-12
182 20 11 1.3390e-12 1.6341e-12 2.5951e-12 3.4421e-12 4.5975e-12 5.3701e-12 6.2598e-12 7.4771e-12 8.5153e-12 1.0174e-11 1.1395e-11 1.2307e-11
183 20 12 1.8737e-13 2.3336e-13 3.7942e-13 5.1527e-13 7.3245e-13 9.3265e-13 1.2603e-12 1.8725e-12 2.4995e-12 3.6317e-12 4.5382e-12 5.2431e-12
184 20 13 5.1200e-14 6.7320e-14 1.1517e-13 1.6241e-13 2.5073e-13 3.5154e-13 5.4045e-13 9.1533e-13 1.3014e-12 1.9854e-12 2.5164e-12 2.9179e-12
185 20 14 9.9736e-11 9.7817e-11 1.0055e-10 1.0432e-10 1.1010e-10 1.1403e-10 1.1791e-10 1.2165e-10 1.2384e-10 1.2651e-10 1.2842e-10 1.3014e-10
186 20 15 7.3750e-12 7.2297e-12 7.3090e-12 7.4620e-12 7.8686e-12 8.3452e-12 9.0758e-12 1.0195e-11 1.1162e-11 1.2751e-11 1.4052e-11 1.5170e-11
187 20 16 2.1364e-12 2.1076e-12 2.0696e-12 2.0413e-12 2.1479e-12 2.3973e-12 2.8690e-12 3.6732e-12 4.3989e-12 5.6100e-12 6.5945e-12 7.4238e-12
188 20 17 1.1686e-11 1.4927e-11 2.0553e-11 2.4034e-11 2.7798e-11 2.9633e-11 3.0973e-11 3.1876e-11 3.2245e-11 3.2560e-11 3.2721e-11 3.2835e-11
189 20 18 3.4936e-13 5.2058e-13 8.3040e-13 1.0043e-12 1.1957e-12 1.3494e-12 1.6132e-12 2.1553e-12 2.7559e-12 3.9168e-12 4.9021e-12 5.7013e-12
190 20 19 1.0116e-13 2.0040e-13 3.8400e-13 4.7942e-13 5.8261e-13 6.8549e-13 8.9354e-13 1.3460e-12 1.8451e-12 2.7813e-12 3.5448e-12 4.1441e-12
191 21 1 6.0535e-14 6.8905e-14 8.6431e-14 1.0145e-13 1.3803e-13 1.9315e-13 3.1129e-13 5.7036e-13 8.5564e-13 1.3797e-12 1.7882e-12 2.0924e-12
192 21 2 9.6645e-14 9.8545e-14 1.0639e-13 1.2012e-13 1.5913e-13 2.1134e-13 3.0765e-13 4.8899e-13 6.7017e-13 1.0039e-12 1.3051e-12 1.5792e-12
193 21 3 6.5376e-13 7.1920e-13 8.6229e-13 9.9410e-13 1.2728e-12 1.6023e-12 2.1609e-12 3.1196e-12 4.0132e-12 5.5581e-12 6.8396e-12 7.9133e-12
194 21 4 5.7271e-14 5.8397e-14 6.3048e-14 7.1183e-14 9.4300e-14 1.2524e-13 1.8231e-13 2.8977e-13 3.9714e-13 5.9492e-13 7.7338e-13 9.3584e-13
195 21 5 3.9443e-14 3.5924e-14 4.5461e-14 6.1366e-14 1.0363e-13 1.6239e-13 2.8010e-13 5.3103e-13 8.1187e-13 1.3526e-12 1.8004e-12 2.1511e-12
196 21 6 4.1272e-13 4.8712e-13 6.9773e-13 8.6792e-13 1.1226e-12 1.3751e-12 1.8241e-12 2.6911e-12 3.5594e-12 5.0201e-12 6.0758e-12 6.8245e-12
197 21 7 2.0879e-14 1.8715e-14 2.3051e-14 3.1437e-14 5.6090e-14 9.2605e-14 1.6930e-13 3.4271e-13 5.4796e-13 9.6671e-13 1.3321e-12 1.6288e-12
198 21 8 7.1915e-13 6.3362e-13 6.2076e-13 6.6234e-13 7.7830e-13 9.2754e-13 1.1918e-12 1.6605e-12 2.1075e-12 2.9017e-12 3.5935e-12 4.2079e-12
199 21 9 6.7276e-12 7.4101e-12 8.9460e-12 1.0305e-11 1.2586e-11 1.4550e-11 1.7113e-11 2.0599e-11 2.3377e-11 2.7594e-11 3.0700e-11 3.3116e-11
200 21 10 2.3390e-13 1.9964e-13 1.8766e-13 2.0050e-13 2.4652e-13 3.1133e-13 4.3509e-13 6.7686e-13 9.2531e-13 1.3906e-12 1.8188e-12 2.2224e-12
201 21 11 5.1764e-14 6.6778e-14 1.1309e-13 1.6017e-13 2.5195e-13 3.6068e-13 5.6986e-13 1.0001e-12 1.4620e-12 2.3237e-12 3.0308e-12 3.5887e-12
202 21 12 1.5111e-12 1.8519e-12 2.9522e-12 3.9233e-12 5.2605e-12 6.1788e-12 7.2743e-12 8.8079e-12 1.0101e-11 1.2076e-11 1.3433e-11 1.4384e-11
203 21 13 1.4738e-14 1.6049e-14 2.4470e-14 3.6300e-14 6.8168e-14 1.1482e-13 2.1637e-13 4.5705e-13 7.5358e-13 1.3918e-12 1.9859e-12 2.4957e-12
204 21 14 2.0329e-12 1.9880e-12 1.9368e-12 1.9059e-12 2.0054e-12 2.2443e-12 2.7029e-12 3.5018e-12 4.2389e-12 5.4958e-12 6.5390e-12 7.4353e-12
205 21 15 1.0682e-10 1.0483e-10 1.0771e-10 1.1165e-10 1.1784e-10 1.2220e-10 1.2671e-10 1.3132e-10 1.3420e-10 1.3788e-10 1.4053e-10 1.4282e-10
206 21 16 3.8934e-13 3.3163e-13 2.7901e-13 2.6189e-13 2.7560e-13 3.2579e-13 4.4102e-13 6.8942e-13 9.6261e-13 1.4988e-12 1.9999e-12 2.4746e-12
207 21 17 9.1738e-14 1.8156e-13 3.4843e-13 4.3638e-13 5.3461e-13 6.3518e-13 8.4095e-13 1.2979e-12 1.8168e-12 2.8298e-12 3.6941e-12 4.3971e-12
208 21 18 1.2038e-11 1.5453e-11 2.1392e-11 2.5043e-11 2.8980e-11 3.0940e-11 3.2473e-11 3.3725e-11 3.4415e-11 3.5194e-11 3.5605e-11 3.5833e-11
209 21 19 7.0290e-15 1.3322e-14 2.7301e-14 3.8712e-14 6.1643e-14 9.3358e-14 1.6568e-13 3.5508e-13 6.1377e-13 1.2339e-12 1.8686e-12 2.4503e-12
210 21 20 1.2023e-12 1.4895e-12 2.0667e-12 2.5659e-12 3.4185e-12 4.1520e-12 5.1010e-12 6.3989e-12 7.4529e-12 9.1140e-12 1.0427e-11 1.1535e-11
211 22 1 6.0535e-14 6.8905e-14 8.6431e-14 1.0145e-13 1.3803e-13 1.9315e-13 3.1129e-13 5.7036e-13 8.5564e-13 1.3797e-12 1.7882e-12 2.0924e-12
212 22 2 3.0311e-13 3.3507e-13 4.0419e-13 4.6651e-13 5.9620e-13 7.4821e-13 1.0044e-12 1.4406e-12 1.8446e-12 2.5389e-12 3.1098e-12 3.5835e-12
213 22 3 2.6881e-13 2.8046e-13 3.1317e-13 3.5606e-13 4.6636e-13 6.0871e-13 8.6537e-13 1.3374e-12 1.8012e-12 2.6433e-12 3.3897e-12 4.0578e-12
214 22 4 2.3575e-13 2.6061e-13 3.1437e-13 3.6284e-13 4.6371e-13 5.8194e-13 7.8117e-13 1.1205e-12 1.4347e-12 1.9747e-12 2.4187e-12 2.7871e-12
215 22 5 1.3995e-13 1.5827e-13 2.2314e-13 2.8064e-13 3.7719e-13 4.8168e-13 6.7246e-13 1.0462e-12 1.4273e-12 2.0837e-12 2.5696e-12 2.9199e-12
216 22 6 6.2503e-14 6.0107e-14 7.7724e-14 1.0300e-13 1.6747e-13 2.5738e-13 4.4134e-13 8.4657e-13 1.3148e-12 2.2474e-12 3.0447e-12 3.6835e-12
217 22 7 2.7059e-13 3.2338e-13 4.6538e-13 5.7709e-13 7.3764e-13 8.9101e-13 1.1596e-12 1.6720e-12 2.1771e-12 3.0084e-12 3.5941e-12 4.0010e-12
218 22 8 1.8448e-12 1.8737e-12 2.1184e-12 2.3854e-12 2.8749e-12 3.3417e-12 4.0117e-12 5.0118e-12 5.8647e-12 7.2473e-12 8.3445e-12 9.2482e-12
219 22 9 5.7334e-13 5.1188e-13 5.0826e-13 5.5106e-13 6.6897e-13 8.1833e-13 1.0861e-12 1.5824e-12 2.0762e-12 2.9811e-12 3.7972e-12 4.5526e-12
220 22 10 5.2625e-12 5.8578e-12 7.1278e-12 8.2315e-12 1.0067e-11 1.1629e-11 1.3642e-11 1.6342e-11 1.8468e-11 2.1657e-11 2.3971e-11 2.5746e-11
221 22 11 2.0758e-13 2.5961e-13 4.2279e-13 5.7248e-13 8.0496e-13 1.0101e-12 1.3326e-12 1.9089e-12 2.4739e-12 3.4426e-12 4.1766e-12 4.7236e-12
222 22 12 3.2576e-14 3.7489e-14 5.8993e-14 8.4925e-14 1.4586e-13 2.2816e-13 4.0067e-13 7.9772e-13 1.2765e-12 2.2879e-12 3.2162e-12 4.0061e-12
223 22 13 1.3375e-12 1.6377e-12 2.6080e-12 3.4623e-12 4.6298e-12 5.4161e-12 6.3273e-12 7.5583e-12 8.5659e-12 1.0061e-11 1.1057e-11 1.1738e-11
224 22 14 8.3163e-12 8.1741e-12 8.2888e-12 8.4730e-12 8.9350e-12 9.4603e-12 1.0248e-11 1.1422e-11 1.2411e-11 1.3999e-11 1.5272e-11 1.6346e-11
225 22 15 7.6964e-13 6.8604e-13 6.1384e-13 5.9243e-13 6.2377e-13 7.1208e-13 9.0349e-13 1.2987e-12 1.7220e-12 2.5384e-12 3.2921e-12 4.0000e-12
226 22 16 1.0016e-10 9.8294e-11 1.0102e-10 1.0476e-10 1.1056e-10 1.1460e-10 1.1870e-10 1.2279e-10 1.2527e-10 1.2834e-10 1.3050e-10 1.3239e-10
227 22 17 3.9986e-13 5.9447e-13 9.4560e-13 1.1414e-12 1.3528e-12 1.5173e-12 1.7927e-12 2.3427e-12 2.9330e-12 4.0280e-12 4.9157e-12 5.6100e-12
228 22 18 1.3304e-14 2.4535e-14 4.8398e-14 6.6421e-14 1.0009e-13 1.4529e-13 2.4735e-13 5.1207e-13 8.7067e-13 1.7240e-12 2.5925e-12 3.3861e-12
229 22 19 1.1723e-11 1.5029e-11 2.0774e-11 2.4310e-11 2.8124e-11 3.0006e-11 3.1440e-11 3.2523e-11 3.3042e-11 3.3506e-11 3.3660e-11 3.3685e-11
230 22 20 1.5453e-12 1.9172e-12 2.6645e-12 3.3104e-12 4.4105e-12 5.3510e-12 6.5572e-12 8.1816e-12 9.4759e-12 1.1471e-11 1.3013e-11 1.4295e-11
231 22 21 9.2371e-14 1.0500e-13 1.2908e-13 1.5133e-13 2.0194e-13 2.6654e-13 3.9004e-13 6.5203e-13 9.5672e-13 1.6040e-12 2.2413e-12 2.8543e-12
232 23 1 1.0447e-13 1.0890e-13 1.1976e-13 1.3440e-13 1.7740e-13 2.3843e-13 3.5532e-13 5.8107e-13 8.0959e-13 1.2331e-12 1.6160e-12 1.9644e-12
233 23 2 6.8359e-14 7.3883e-14 8.7292e-14 1.0292e-13 1.4594e-13 2.0994e-13 3.4518e-13 6.4494e-13 9.8442e-13 1.6349e-12 2.1669e-12 2.5786e-12
234 23 3 5.9735e-14 6.4384e-14 7.5722e-14 8.9431e-14 1.2803e-13 1.8597e-13 3.0931e-13 5.8605e-13 9.0370e-13 1.5218e-12 2.0351e-12 2.4368e-12
235 23 4 0.0000e+00 0.0000e+00 0.0000e+00 0.0000e+00 0.0000e+00 0.0000e+00 0.0000e+00 0.0000e+00 0.0000e+00 0.0000e+00 0.0000e+00 0.0000e+00
236 23 5 7.6670e-13 8.2226e-13 9.4051e-13 1.0634e-12 1.3404e-12 1.6628e-12 2.1950e-12 3.0945e-12 3.9336e-12 5.3980e-12 6.6328e-12 7.6895e-12
237 23 6 3.8851e-13 4.0636e-13 4.5002e-13 5.0596e-13 6.4532e-13 8.1532e-13 1.1060e-12 1.6172e-12 2.1081e-12 2.9867e-12 3.7534e-12 4.4333e-12
238 23 7 8.1032e-14 8.0470e-14 8.2751e-14 9.1498e-14 1.1892e-13 1.5496e-13 2.1912e-13 3.3583e-13 4.5000e-13 6.5815e-13 8.4541e-13 1.0158e-12
239 23 8 4.4332e-13 4.9849e-13 6.1392e-13 7.3156e-13 9.7234e-13 1.2383e-12 1.6932e-12 2.5339e-12 3.3707e-12 4.8225e-12 5.9362e-12 6.7765e-12
240 23 9 1.3151e-13 1.3487e-13 1.5968e-13 1.9500e-13 2.8424e-13 4.0053e-13 6.2118e-13 1.0667e-12 1.5464e-12 2.4503e-12 3.1969e-12 3.7872e-12
241 23 10 3.5095e-14 3.0388e-14 3.3067e-14 4.2809e-14 7.4480e-14 1.2157e-13 2.1609e-13 4.1229e-13 6.2617e-13 1.0305e-12 1.3625e-12 1.6224e-12
242 23 11 9.0052e-12 9.5615e-12 1.0642e-11 1.1679e-11 1.3596e-11 1.5309e-11 1.7531e-11 2.0496e-11 2.2833e-11 2.6383e-11 2.9018e-11 3.1097e-11
243 23 12 2.0431e-12 1.9358e-12 1.9620e-12 2.0875e-12 2.3954e-12 2.7320e-12 3.2486e-12 4.0630e-12 4.7876e-12 6.0115e-12 7.0327e-12 7.9180e-12
244 23 13 8.6481e-13 7.2690e-13 6.5143e-13 6.6049e-13 7.3847e-13 8.5733e-13 1.0740e-12 1.4563e-12 1.8162e-12 2.4494e-12 2.9992e-12 3.4876e-12
245 23 14 1.8757e-12 2.0718e-12 2.6595e-12 3.2644e-12 4.3278e-12 5.2214e-12 6.3579e-12 7.9008e-12 9.1389e-12 1.0997e-11 1.2313e-11 1.3287e-11
246 23 15 1.8842e-13 2.1165e-13 2.7789e-13 3.5001e-13 4.9731e-13 6.5969e-13 9.4402e-13 1.4921e-12 2.0644e-12 3.1235e-12 3.9987e-12 4.7001e-12
247 23 16 5.6854e-14 6.6212e-14 9.0415e-14 1.1839e-13 1.8465e-13 2.7270e-13 4.4922e-13 8.1851e-13 1.2146e-12 1.9455e-12 2.5382e-12 3.0030e-12
248 23 17 1.2077e-10 1.1821e-10 1.1759e-10 1.1889e-10 1.2181e-10 1.2419e-10 1.2680e-10 1.2954e-10 1.3127e-10 1.3355e-10 1.3534e-10 1.3703e-10
249 23 18 6.6608e-12 6.5054e-12 6.3540e-12 6.3182e-12 6.4676e-12 6.7573e-12 7.2689e-12 8.1172e-12 8.8850e-12 1.0193e-11 1.1293e-11 1.2255e-11
250 23 19 2.0337e-12 1.9841e-12 1.8706e-12 1.7942e-12 1.8326e-12 2.0182e-12 2.3980e-12 3.0720e-12 3.6971e-12 4.7648e-12 5.6521e-12 6.4146e-12
251 23 20 1.2280e-11 1.5662e-11 2.0596e-11 2.3317e-11 2.6342e-11 2.8058e-11 2.9607e-11 3.1022e-11 3.1809e-11 3.2638e-11 3.3065e-11 3.3331e-11
252 23 21 2.8062e-13 4.1745e-13 6.3573e-13 7.4499e-13 8.6868e-13 9.8299e-13 1.1944e-12 1.6453e-12 2.1600e-12 3.1919e-12 4.1026e-12 4.8642e-12
253 23 22 8.2663e-14 1.6307e-13 2.9831e-13 3.6161e-13 4.3270e-13 5.1349e-13 6.8564e-13 1.0750e-12 1.5223e-12 2.4030e-12 3.1578e-12 3.7727e-12
254 24 1 1.0447e-13 1.0890e-13 1.1976e-13 1.3440e-13 1.7740e-13 2.3843e-13 3.5532e-13 5.8107e-13 8.0959e-13 1.2331e-12 1.6160e-12 1.9644e-12
255 24 2 1.5554e-14 1.6388e-14 1.8541e-14 2.2223e-14 3.4400e-14 5.3723e-14 9.6711e-14 1.9996e-13 3.2696e-13 5.9274e-13 8.2838e-13 1.0213e-12
256 24 3 1.0321e-13 1.1205e-13 1.3335e-13 1.5679e-13 2.1893e-13 3.0996e-13 4.9975e-13 9.1106e-13 1.3650e-12 2.2083e-12 2.8766e-12 3.3814e-12
257 24 4 9.3322e-15 9.8327e-15 1.1125e-14 1.3334e-14 2.0640e-14 3.2234e-14 5.8027e-14 1.1998e-13 1.9617e-13 3.5564e-13 4.9703e-13 6.1275e-13
258 24 5 1.1575e-13 1.1539e-13 1.1952e-13 1.3310e-13 1.7579e-13 2.3320e-13 3.3887e-13 5.4006e-13 7.4455e-13 1.1269e-12 1.4777e-12 1.8045e-12
259 24 6 1.0679e-12 1.1408e-12 1.2981e-12 1.4648e-12 1.8430e-12 2.2818e-12 3.0009e-12 4.2006e-12 5.3052e-12 7.2136e-12 8.8072e-12 1.0154e-11
260 24 7 5.2609e-14 5.2889e-14 5.5663e-14 6.2927e-14 8.5914e-14 1.1805e-13 1.8034e-13 3.0688e-13 4.4197e-13 7.0236e-13 9.4662e-13 1.1799e-12
261 24 8 4.2510e-14 3.6481e-14 3.9244e-14 5.0800e-14 8.9239e-14 1.4734e-13 2.6654e-13 5.2353e-13 8.1617e-13 1.3994e-12 1.9051e-12 2.3176e-12
262 24 9 5.4650e-13 6.0986e-13 7.4946e-13 8.9533e-13 1.1996e-12 1.5404e-12 2.1250e-12 3.1921e-12 4.2305e-12 5.9663e-12 7.2334e-12 8.1468e-12
263 24 10 2.0903e-14 1.7397e-14 1.7961e-14 2.3239e-14 4.2267e-14 7.2585e-14 1.3896e-13 2.9727e-13 4.9660e-13 9.3762e-13 1.3572e-12 1.7216e-12
264 24 11 8.7426e-13 7.3130e-13 6.5153e-13 6.5988e-13 7.3983e-13 8.6361e-13 1.0932e-12 1.5094e-12 1.9114e-12 2.6331e-12 3.2697e-12 3.8443e-12
265 24 12 1.0814e-11 1.1313e-11 1.2453e-11 1.3617e-11 1.5816e-11 1.7820e-11 2.0460e-11 2.4027e-11 2.6850e-11 3.1151e-11 3.4360e-11 3.6893e-11
266 24 13 2.2503e-13 1.7959e-13 1.5059e-13 1.5078e-13 1.7408e-13 2.1475e-13 2.9955e-13 4.7888e-13 6.7537e-13 1.0598e-12 1.4202e-12 1.7651e-12
267 24 14 5.3888e-14 6.2450e-14 8.5477e-14 1.1266e-13 1.7829e-13 2.6689e-13 4.4725e-13 8.3431e-13 1.2631e-12 2.0890e-12 2.7910e-12 3.3623e-12
268 24 15 2.0595e-12 2.2793e-12 2.9309e-12 3.6029e-12 4.7964e-12 5.8238e-12 7.1759e-12 9.0827e-12 1.0639e-11 1.2943e-11 1.4503e-11 1.5597e-11
269 24 16 7.6212e-15 7.9054e-15 1.1423e-14 1.7276e-14 3.5083e-14 6.3126e-14 1.2795e-13 2.9435e-13 5.1573e-13 1.0339e-12 1.5559e-12 2.0308e-12
270 24 17 1.8998e-12 1.8459e-12 1.7333e-12 1.6605e-12 1.6963e-12 1.8713e-12 2.2326e-12 2.8841e-12 3.4999e-12 4.5735e-12 5.4824e-12 6.2748e-12
271 24 18 1.2732e-10 1.2464e-10 1.2391e-10 1.2518e-10 1.2825e-10 1.3091e-10 1.3398e-10 1.3743e-10 1.3975e-10 1.4293e-10 1.4541e-10 1.4765e-10
272 24 19 2.4384e-13 2.1100e-13 1.7381e-13 1.5967e-13 1.6392e-13 1.9200e-13 2.6073e-13 4.1926e-13 6.0719e-13 1.0060e-12 1.3971e-12 1.7729e-12
273 24 20 7.5607e-14 1.4893e-13 2.7238e-13 3.3068e-13 3.9756e-13 4.7459e-13 6.3989e-13 1.0195e-12 1.4649e-12 2.3705e-12 3.1757e-12 3.8517e-12
274 24 21 1.2562e-11 1.6084e-11 2.1239e-11 2.4069e-11 2.7210e-11 2.9026e-11 3.0751e-11 3.2510e-11 3.3641e-11 3.5028e-11 3.5816e-11 3.6300e-11
275 24 22 5.5477e-15 1.0052e-14 1.8184e-14 2.4024e-14 3.6026e-14 5.3671e-14 9.5838e-14 2.1336e-13 3.8528e-13 8.3435e-13 1.3331e-12 1.8169e-12
276 24 23 9.5904e-13 1.1872e-12 1.6454e-12 2.0418e-12 2.7204e-12 3.3063e-12 4.0689e-12 5.1229e-12 5.9911e-12 7.3853e-12 8.5090e-12 9.4696e-12
277 25 1 1.0447e-13 1.0890e-13 1.1976e-13 1.3440e-13 1.7740e-13 2.3843e-13 3.5532e-13 5.8107e-13 8.0959e-13 1.2331e-12 1.6160e-12 1.9644e-12
278 25 2 4.7998e-14 5.2210e-14 6.2333e-14 7.3206e-14 1.0153e-13 1.4272e-13 2.2805e-13 4.1091e-13 6.1005e-13 9.7395e-13 1.2572e-12 1.4681e-12
279 25 3 4.3525e-14 4.6277e-14 5.3189e-14 6.3368e-14 9.5084e-14 1.4446e-13 2.5269e-13 5.0701e-13 8.1326e-13 1.4407e-12 1.9870e-12 2.4288e-12
280 25 4 3.6570e-14 3.9779e-14 4.7492e-14 5.5776e-14 7.7356e-14 1.0874e-13 1.7375e-13 3.1307e-13 4.6480e-13 7.4206e-13 9.5785e-13 1.1185e-12
281 25 5 3.8553e-13 4.0558e-13 4.5241e-13 5.0853e-13 6.4347e-13 8.0426e-13 1.0726e-12 1.5294e-12 1.9561e-12 2.7033e-12 3.3402e-12 3.8900e-12
282 25 6 1.6854e-13 1.7152e-13 1.8333e-13 2.0635e-13 2.7362e-13 3.6348e-13 5.3059e-13 8.5516e-13 1.1911e-12 1.8259e-12 2.4111e-12 2.9603e-12
283 25 7 6.8217e-13 7.3199e-13 8.3754e-13 9.4597e-13 1.1876e-12 1.4654e-12 1.9169e-12 2.6630e-12 3.3445e-12 4.5136e-12 5.4803e-12 6.2884e-12
284 25 8 1.3497e-13 1.4108e-13 1.6873e-13 2.0518e-13 2.9351e-13 4.0508e-13 6.1130e-13 1.0131e-12 1.4284e-12 2.1724e-12 2.7542e-12 3.1951e-12
285 25 9 4.7456e-14 4.1824e-14 4.5144e-14 5.7419e-14 9.7973e-14 1.5994e-13 2.9163e-13 5.9511e-13 9.6610e-13 1.7648e-12 2.5082e-12 3.1454e-12
286 25 10 4.2749e-13 4.8084e-13 5.9279e-13 7.0678e-13 9.3958e-13 1.1953e-12 1.6276e-12 2.4047e-12 3.1487e-12 4.3662e-12 5.2331e-12 5.8455e-12
287 25 11 2.1882e-12 2.0914e-12 2.1366e-12 2.2786e-12 2.6146e-12 2.9740e-12 3.5142e-12 4.3434e-12 5.0632e-12 6.2537e-12 7.2279e-12 8.0569e-12
288 25 12 4.8888e-13 4.0872e-13 3.6342e-13 3.7087e-13 4.2562e-13 5.0950e-13 6.7245e-13 9.9700e-13 1.3395e-12 1.9943e-12 2.5984e-12 3.1688e-12
289 25 13 9.2360e-12 9.7241e-12 1.0755e-11 1.1778e-11 1.3690e-11 1.5415e-11 1.7666e-11 2.0675e-11 2.3034e-11 2.6596e-11 2.9224e-11 3.1276e-11
290 25 14 2.0972e-13 2.3581e-13 3.0914e-13 3.8815e-13 5.4705e-13 7.1865e-13 1.0125e-12 1.5618e-12 2.1163e-12 3.0988e-12 3.8733e-12 4.4713e-12
291 25 15 1.8619e-14 2.0133e-14 2.8007e-14 3.9395e-14 7.0999e-14 1.1792e-13 2.2241e-13 4.8130e-13 8.1666e-13 1.5842e-12 2.3451e-12 3.0310e-12
292 25 16 1.8927e-12 2.0937e-12 2.6907e-12 3.3053e-12 4.3917e-12 5.3172e-12 6.5162e-12 8.1683e-12 9.4849e-12 1.1383e-11 1.2632e-11 1.3488e-11
293 25 17 7.4473e-12 7.2832e-12 7.1257e-12 7.0908e-12 7.2583e-12 7.5753e-12 8.1279e-12 9.0279e-12 9.8266e-12 1.1159e-11 1.2260e-11 1.3211e-11
294 25 18 4.7755e-13 4.3062e-13 3.7632e-13 3.5513e-13 3.6405e-13 4.1040e-13 5.1883e-13 7.5847e-13 1.0343e-12 1.6077e-12 2.1629e-12 2.6925e-12
295 25 19 1.2154e-10 1.1899e-10 1.1832e-10 1.1955e-10 1.2248e-10 1.2498e-10 1.2782e-10 1.3095e-10 1.3299e-10 1.3574e-10 1.3786e-10 1.3979e-10
296 25 20 3.1596e-13 4.6929e-13 7.1357e-13 8.3529e-13 9.7132e-13 1.0949e-12 1.3201e-12 1.7917e-12 2.3176e-12 3.3382e-12 4.2058e-12 4.9097e-12
297 25 21 9.5154e-15 1.7017e-14 3.0298e-14 3.9165e-14 5.6142e-14 8.0478e-14 1.3808e-13 2.9676e-13 5.2661e-13 1.1217e-12 1.7786e-12 2.4135e-12
298 25 22 1.2317e-11 1.5756e-11 2.0786e-11 2.3549e-11 2.6616e-11 2.8379e-11 3.0028e-11 3.1654e-11 3.2647e-11 3.3773e-11 3.4341e-11 3.4645e-11
299 25 23 1.2011e-12 1.4881e-12 2.0647e-12 2.5633e-12 3.4151e-12 4.1479e-12 5.0959e-12 6.3925e-12 7.4455e-12 9.1050e-12 1.0417e-11 1.1523e-11
300 25 24 5.3534e-14 6.0903e-14 7.4852e-14 8.7762e-14 1.1707e-13 1.5443e-13 2.2640e-13 3.8365e-13 5.7628e-13 1.0184e-12 1.4836e-12 1.9430e-12
